pm-sdv1@~/jarulraj/peloton/build ∴ ./src/hyadapt -e 12
experiment_type      : 12
Offset : 9
----------------------------------------------------------
0 0 1 1 0 100 100 0 1 1 0 0 0 1000 :: 0.018762 ms
Offset : 99
----------------------------------------------------------
0 0 1 1 0 100 100 0 1 1 0 0 0 1000 :: 0.094059 ms
Offset : 999
----------------------------------------------------------
0 0 1 1 0 100 100 0 1 1 0 0 0 1000 :: 0.131432 ms
Offset : 9999
----------------------------------------------------------
0 0 1 1 0 100 100 0 1 1 0 0 0 1000 :: 0.228744 ms
Offset : 9999
----------------------------------------------------------
0 0 1 1 0 100 100 0 1 1 0 0 0 1000 :: 0.31512 ms

