pm-sdv1@~/jarulraj/peloton/build ∴ ./src/hyadapt -e 11 -k 1000
experiment_type      : 11
----------------------------------------------------------
0 5 1 1 1 1000 50 0 1 1 0 0 0 1000 :: 2864.3 ms
----------------------------------------------------------
1 5 1 1 1 1000 50 0 1 1 0 0 0 1000 :: 3359.89 ms
----------------------------------------------------------
2 5 1 1 1 1000 50 0 1 1 0 0 0 1000 :: 2791.07 ms
----------------------------------------------------------
0 5 1 1 1 1000 500 0 1 1 0 0 0 1000 :: 26269.5 ms
----------------------------------------------------------
1 5 1 1 1 1000 500 0 1 1 0 0 0 1000 :: 34695.3 ms
----------------------------------------------------------
2 5 1 1 1 1000 500 0 1 1 0 0 0 1000 :: 25741.8 ms

